'''Soil parameter file
For MUKEY = 544827
'''

SMFCF = 0.212296296296296
SM0 = 0.327407407407407
SMW = 0.10080246962963
CRAIRC = 0.06
SOPE = 79.228800864
KSUB = 7.9488001728
RDMSOL = 81
SOLNAM = 544827
