'''Soil parameter file
For MUKEY = 545593
'''

SMFCF = 0.173669303204847
SM0 = 0.284546707179197
SMW = 0.0735121191279678
CRAIRC = 0.06
SOPE = 126.738565712163
KSUB = 67.863877188923
RDMSOL = 87
SOLNAM = 545593
