'''Soil parameter file
For MUKEY = 540738
'''

SMFCF = 0.119583333333333
SM0 = 0.143333333333333
SMW = 0.0430416666666667
CRAIRC = 0.06
SOPE = 243.9072
KSUB = 121.9104
RDMSOL = 48
SOLNAM = 540738
