'''Soil parameter file
For MUKEY = 545567
'''

SMFCF = 0.146655737704918
SM0 = 0.263934426229508
SMW = 0.0576721309344262
CRAIRC = 0.06
SOPE = 243.9072
KSUB = 50.976000864
RDMSOL = 61
SOLNAM = 545567
