'''Soil parameter file
For MUKEY = 539646
'''

SMFCF = 0.229668817701149
SM0 = 0.365014367816092
SMW = 0.11251724170977
CRAIRC = 0.06
SOPE = 144.339398157104
KSUB = 23.3748774406956
RDMSOL = 87
SOLNAM = 539646
