'''Soil parameter file
For MUKEY = 542096
'''

SMFCF = 0.205976386377953
SM0 = 0.288661417322835
SMW = 0.102181102645669
CRAIRC = 0.06
SOPE = 201.22560864
KSUB = 72.835202592
RDMSOL = 127
SOLNAM = 542096
