'''Soil parameter file
For MUKEY = 545549
'''

SMFCF = 0.18742
SM0 = 0.312066666666667
SMW = 0.110600000713333
CRAIRC = 0.06
SOPE = 201.22560864
KSUB = 201.22560864
RDMSOL = 150
SOLNAM = 545549
