'''Soil parameter file
For MUKEY = 544585
'''

SMFCF = 0.197455606421142
SM0 = 0.298335160151017
SMW = 0.0923374734034831
CRAIRC = 0.06
SOPE = 77.299478925345
KSUB = 70.3688742196364
RDMSOL = 69
SOLNAM = 544585
