'''Soil parameter file
For MUKEY = 540717
'''

SMFCF = 0.208922819666342
SM0 = 0.314407474403126
SMW = 0.0943682304968402
CRAIRC = 0.06
SOPE = 219.255026591703
KSUB = 193.581738974118
RDMSOL = 114
SOLNAM = 540717
