'''Soil parameter file
For MUKEY = 545648
'''

SMFCF = 0.298321103027523
SM0 = 0.467889908256881
SMW = 0.158587158073395
CRAIRC = 0.06
SOPE = 79.228800864
KSUB = 44.3763690756923
RDMSOL = 109
SOLNAM = 545648
