'''Soil parameter file
For MUKEY = 539265
'''

SMFCF = 0.175366669893333
SM0 = 0.423733333333333
SMW = 0.05224666612
CRAIRC = 0.06
SOPE = 405.74534461632
KSUB = 1218.24
RDMSOL = 150
SOLNAM = 539265
