'''Soil parameter file
For MUKEY = 1720846
'''

SMFCF = 0.292420683172414
SM0 = 0.422206896551724
SMW = 0.17188275862069
CRAIRC = 0.06
SOPE = 20.2384554643862
KSUB = 30.24
RDMSOL = 145
SOLNAM = 1720846
