'''Soil parameter file
For MUKEY = 545631
'''

SMFCF = 0.262607151428571
SM0 = 0.37625
SMW = 0.124125
CRAIRC = 0.06
SOPE = 198.72
KSUB = 18.0654545454545
RDMSOL = 56
SOLNAM = 545631
