'''Soil parameter file
For MUKEY = 563636
'''

SMFCF = 0.2121399954
SM0 = 0.324
SMW = 0.11166000046
CRAIRC = 0.06
SOPE = 383.39135136
KSUB = 611.53919136
RDMSOL = 150
SOLNAM = 563636
