'''Soil parameter file
For MUKEY = 542075
'''

SMFCF = 0.1701533388
SM0 = 0.428266666666667
SMW = 0.0719466657866667
CRAIRC = 0.06
SOPE = 243.9072
KSUB = 243.9072
RDMSOL = 150
SOLNAM = 542075
