'''Soil parameter file
For MUKEY = 2393876
'''

SMFCF = 0.07044000076
SM0 = 0.1248
SMW = 0.02123999924
CRAIRC = 0.06
SOPE = 559.872
KSUB = 673.92
RDMSOL = 150
SOLNAM = 2393876
