'''Soil parameter file
For MUKEY = 540693
'''

SMFCF = 0.251866659333333
SM0 = 0.344666666666667
SMW = 0.1294
CRAIRC = 0.06
SOPE = 79.228800864
KSUB = 70.45747348608
RDMSOL = 150
SOLNAM = 540693
