'''Soil parameter file
For MUKEY = 544833
'''

SMFCF = 0.220105253157895
SM0 = 0.306052631578947
SMW = 0.1194210525
CRAIRC = 0.06
SOPE = 79.228800864
KSUB = 7.9488001728
RDMSOL = 76
SOLNAM = 544833
