'''Soil parameter file
For MUKEY = 541994
'''

SMFCF = 0.0955450351076015
SM0 = 0.224412964248525
SMW = 0.0387085647991149
CRAIRC = 0.06
SOPE = 654.252346030299
KSUB = 236.635948527158
RDMSOL = 134
SOLNAM = 541994
