'''Soil parameter file
For MUKEY = 1720940
'''

SMFCF = 0.291606668866667
SM0 = 0.363533333333333
SMW = 0.164520001
CRAIRC = 0.06
SOPE = 46.55232
KSUB = 7.833599998848
RDMSOL = 150
SOLNAM = 1720940
