'''Soil parameter file
For MUKEY = 545601
'''

SMFCF = 0.284566037735849
SM0 = 0.407169811320755
SMW = 0.148433962264151
CRAIRC = 0.06
SOPE = 79.228800864
KSUB = 424.011077457631
RDMSOL = 53
SOLNAM = 545601
