'''Soil parameter file
For MUKEY = 2394563
'''

SMFCF = 0.293890914
SM0 = 0.417884615384615
SMW = 0.147363636363636
CRAIRC = 0.06
SOPE = 112.283870331927
KSUB = 11.310595042931
RDMSOL = 55
SOLNAM = 2394563
