'''Soil parameter file
For MUKEY = 539262
'''

SMFCF = 0.267857142857143
SM0 = 0.348571428571429
SMW = 0.143517856214286
CRAIRC = 0.06
SOPE = 79.228800864
KSUB = 15.9046525569307
RDMSOL = 56
SOLNAM = 539262
