'''Soil parameter file
For MUKEY = 545622
'''

SMFCF = 0.2268466706
SM0 = 0.373333333333333
SMW = 0.10459333334
CRAIRC = 0.06
SOPE = 112.1644806912
KSUB = 8.88349062868361
RDMSOL = 150
SOLNAM = 545622
