'''Soil parameter file
For MUKEY = 1720904
'''

SMFCF = 0.152573333333333
SM0 = 0.397533333333333
SMW = 0.0542066655266667
CRAIRC = 0.06
SOPE = 220.032
KSUB = 241.92
RDMSOL = 150
SOLNAM = 1720904
