'''Soil parameter file
For MUKEY = 542076
'''

SMFCF = 0.270689645689655
SM0 = 0.393818181818182
SMW = 0.123051724137931
CRAIRC = 0.06
SOPE = 108.263670350896
KSUB = 15.5627590359668
RDMSOL = 58
SOLNAM = 542076
