'''Soil parameter file
For MUKEY = 542054
'''

SMFCF = 0.241026670133333
SM0 = 0.368466666666667
SMW = 0.125193333013333
CRAIRC = 0.06
SOPE = 118.26777935232
KSUB = 201.22560864
RDMSOL = 150
SOLNAM = 542054
