'''Soil parameter file
For MUKEY = 539629
'''

SMFCF = 0.345359988133333
SM0 = 0.416866666666667
SMW = 0.207440005933333
CRAIRC = 0.06
SOPE = 79.5651846336
KSUB = 185.55991451621
RDMSOL = 150
SOLNAM = 539629
