'''Soil parameter file
For MUKEY = 542086
'''

SMFCF = 0.353299982
SM0 = 0.452
SMW = 0.1967999914
CRAIRC = 0.06
SOPE = 37.0223983584
KSUB = 20.131199136
RDMSOL = 150
SOLNAM = 542086
