'''Soil parameter file
For MUKEY = 545598
'''

SMFCF = 0.133722220444444
SM0 = 0.230833333333333
SMW = 0.0516944437222222
CRAIRC = 0.06
SOPE = 243.9072
KSUB = 67.046401728
RDMSOL = 36
SOLNAM = 545598
