'''Soil parameter file
For MUKEY = 542001
'''

SMFCF = 0.137099999923077
SM0 = 0.219692307692308
SMW = 0.0397000004923077
CRAIRC = 0.06
SOPE = 610.648615384616
KSUB = 673.92
RDMSOL = 130
SOLNAM = 542001
