'''Soil parameter file
For MUKEY = 2421661
'''

SMFCF = 0.2878
SM0 = 0.404
SMW = 0.1438
CRAIRC = 0.06
SOPE = 71.9193613824
KSUB = 23.53727992608
RDMSOL = 75
SOLNAM = 2421661
