'''Soil parameter file
For MUKEY = 542013
'''

SMFCF = 0.222285706666667
SM0 = 0.334761904761905
SMW = 0.112095238333333
CRAIRC = 0.06
SOPE = 201.22560864
KSUB = 20.131199136
RDMSOL = 84
SOLNAM = 542013
