'''Soil parameter file
For MUKEY = 541991
'''

SMFCF = 0.258260862173913
SM0 = 0.395652173913043
SMW = 0.129565217391304
CRAIRC = 0.06
SOPE = 79.228800864
KSUB = 20.131199136
RDMSOL = 69
SOLNAM = 541991
