'''Soil parameter file
For MUKEY = 563491
'''

SMFCF = 0.259144736842105
SM0 = 0.339736842105263
SMW = 0.139973684631579
CRAIRC = 0.06
SOPE = 79.228800864
KSUB = 67.046401728
RDMSOL = 76
SOLNAM = 563491
