'''Soil parameter file
For MUKEY = 542095
'''

SMFCF = 0.121006666666667
SM0 = 0.3134
SMW = 0.0456199995133333
CRAIRC = 0.06
SOPE = 619.5052571904
KSUB = 424.980643549091
RDMSOL = 150
SOLNAM = 542095
