'''Soil parameter file
For MUKEY = 544587
'''

SMFCF = 0.195640710835784
SM0 = 0.298027398459384
SMW = 0.0895219269040616
CRAIRC = 0.06
SOPE = 76.804518384
KSUB = 69.0308649356742
RDMSOL = 64
SOLNAM = 544587
