'''Soil parameter file
For MUKEY = 557360
'''

SMFCF = 0.298132352941176
SM0 = 0.401176470588235
SMW = 0.149529411764706
CRAIRC = 0.06
SOPE = 110.801647884706
KSUB = 26.01071918784
RDMSOL = 68
SOLNAM = 557360
