'''Soil parameter file
For MUKEY = 539204
'''

SMFCF = 0.243660373962264
SM0 = 0.343584905660377
SMW = 0.119490566037736
CRAIRC = 0.06
SOPE = 79.228800864
KSUB = 7.9488001728
RDMSOL = 53
SOLNAM = 539204
