'''Soil parameter file
For MUKEY = 529765
'''

SMFCF = 0.218389808176285
SM0 = 0.320488110570997
SMW = 0.112911358467323
CRAIRC = 0.06
SOPE = 78.4024753412093
KSUB = 70.5517718358857
RDMSOL = 113
SOLNAM = 529765
