'''Soil parameter file
For MUKEY = 539239
'''

SMFCF = 0.254046875
SM0 = 0.35953125
SMW = 0.12453125
CRAIRC = 0.06
SOPE = 79.228800864
KSUB = 7.9488001728
RDMSOL = 64
SOLNAM = 539239
