'''Soil parameter file
For MUKEY = 545574
'''

SMFCF = 0.272083333333333
SM0 = 0.3775
SMW = 0.126666666666667
CRAIRC = 0.06
SOPE = 49.262400648
KSUB = 2.4150058065367
RDMSOL = 48
SOLNAM = 545574
