'''Soil parameter file
For MUKEY = 1720835
'''

SMFCF = 0.251526661133333
SM0 = 0.340466666666667
SMW = 0.178486666666667
CRAIRC = 0.06
SOPE = 17.456255949312
KSUB = 20.131199136
RDMSOL = 150
SOLNAM = 1720835
