'''Soil parameter file
For MUKEY = 539610
'''

SMFCF = 0.172342949530985
SM0 = 0.280984719864177
SMW = 0.0742882024870543
CRAIRC = 0.06
SOPE = 228.22695
KSUB = 123.48288
RDMSOL = 62
SOLNAM = 539610
