'''Soil parameter file
For MUKEY = 3180051
'''

SMFCF = 0.145773332
SM0 = 0.397533333333333
SMW = 0.0540733329933333
CRAIRC = 0.06
SOPE = 241.92
KSUB = 241.92
RDMSOL = 150
SOLNAM = 3180051
