'''Soil parameter file
For MUKEY = 544802
'''

SMFCF = 0.239083339166667
SM0 = 0.385833333333333
SMW = 0.12
CRAIRC = 0.06
SOPE = 79.228800864
KSUB = 15.6119221012645
RDMSOL = 48
SOLNAM = 544802
