'''Soil parameter file
For MUKEY = 1720876
'''

SMFCF = 0.279803281967213
SM0 = 0.415573770491803
SMW = 0.138016393442623
CRAIRC = 0.06
SOPE = 79.228800864
KSUB = 20.131199136
RDMSOL = 61
SOLNAM = 1720876
