'''Soil parameter file
For MUKEY = 544616
'''

SMFCF = 0.210353658536585
SM0 = 0.29
SMW = 0.0992926802804878
CRAIRC = 0.06
SOPE = 105.373230711805
KSUB = 21.1293949358298
RDMSOL = 82
SOLNAM = 544616
