'''Soil parameter file
For MUKEY = 544872
'''

SMFCF = 0.159105124392603
SM0 = 0.258121318607764
SMW = 0.0459398681405577
CRAIRC = 0.06
SOPE = 616.97254054054
KSUB = 285.796172861218
RDMSOL = 120
SOLNAM = 544872
