'''Soil parameter file
For MUKEY = 545575
'''

SMFCF = 0.293916666666667
SM0 = 0.378333333333333
SMW = 0.139833333333333
CRAIRC = 0.06
SOPE = 49.262400648
KSUB = 45.0427331359093
RDMSOL = 48
SOLNAM = 545575
