'''Soil parameter file
For MUKEY = 542094
'''

SMFCF = 0.136758620689655
SM0 = 0.281
SMW = 0.0523517242689655
CRAIRC = 0.06
SOPE = 636.738184194207
KSUB = 429.235188745263
RDMSOL = 145
SOLNAM = 542094
