'''Soil parameter file
For MUKEY = 539238
'''

SMFCF = 0.2636875
SM0 = 0.37125
SMW = 0.12965625
CRAIRC = 0.06
SOPE = 79.228800864
KSUB = 7.9488001728
RDMSOL = 64
SOLNAM = 539238
