'''Soil parameter file
For MUKEY = 544817
'''

SMFCF = 0.1609200024
SM0 = 0.397133333333333
SMW = 0.0649800010266667
CRAIRC = 0.06
SOPE = 101.11392292608
KSUB = 201.22560864
RDMSOL = 150
SOLNAM = 544817
