'''Soil parameter file
For MUKEY = 2420172
'''

SMFCF = 0.277546668666667
SM0 = 0.424533333333333
SMW = 0.142693333333333
CRAIRC = 0.06
SOPE = 101.952
KSUB = 77.76
RDMSOL = 150
SOLNAM = 2420172
