'''Soil parameter file
For MUKEY = 542038
'''

SMFCF = 0.266188679245283
SM0 = 0.377547169811321
SMW = 0.132169811320755
CRAIRC = 0.06
SOPE = 79.228800864
KSUB = 164.886133983319
RDMSOL = 53
SOLNAM = 542038
