'''Soil parameter file
For MUKEY = 539688
'''

SMFCF = 0.079466665
SM0 = 0.235533333333333
SMW = 0.0321333333333333
CRAIRC = 0.06
SOPE = 792.63358272
KSUB = 792.63358272
RDMSOL = 150
SOLNAM = 539688
