'''Soil parameter file
For MUKEY = 545557
'''

SMFCF = 0.241346665133333
SM0 = 0.3684
SMW = 0.122586666666667
CRAIRC = 0.06
SOPE = 174.35635570944
KSUB = 628.04161728
RDMSOL = 150
SOLNAM = 545557
