'''Soil parameter file
For MUKEY = 541952
'''

SMFCF = 0.22904347826087
SM0 = 0.38
SMW = 0.108086956521739
CRAIRC = 0.06
SOPE = 79.228800864
KSUB = 15.0440435249934
RDMSOL = 46
SOLNAM = 541952
