'''Soil parameter file
For MUKEY = 540714
'''

SMFCF = 0.154222626743156
SM0 = 0.255021470746108
SMW = 0.0631617007595276
CRAIRC = 0.06
SOPE = 230.068326895774
KSUB = 199.149719267369
RDMSOL = 72
SOLNAM = 540714
