'''Soil parameter file
For MUKEY = 541969
'''

SMFCF = 0.210905660377358
SM0 = 0.263396226415094
SMW = 0.0992264157735849
CRAIRC = 0.06
SOPE = 79.228800864
KSUB = 7.9488001728
RDMSOL = 53
SOLNAM = 541969
