'''Soil parameter file
For MUKEY = 557494
'''

SMFCF = 0.0922244897959184
SM0 = 0.253809523809524
SMW = 0.0382925175918367
CRAIRC = 0.06
SOPE = 598.135423386123
KSUB = 243.9072
RDMSOL = 147
SOLNAM = 557494
