'''Soil parameter file
For MUKEY = 544601
'''

SMFCF = 0.230169118823529
SM0 = 0.306492537313433
SMW = 0.122183823514706
CRAIRC = 0.06
SOPE = 100.277365544471
KSUB = 66.460800192
RDMSOL = 136
SOLNAM = 544601
