'''Soil parameter file
For MUKEY = 545591
'''

SMFCF = 0.185947194194025
SM0 = 0.302537640207075
SMW = 0.0811423000840164
CRAIRC = 0.06
SOPE = 120.639879776474
KSUB = 52.7236313216745
RDMSOL = 95
SOLNAM = 545591
