'''Soil parameter file
For MUKEY = 544633
'''

SMFCF = 0.238261577867341
SM0 = 0.325555555555556
SMW = 0.111948158771614
CRAIRC = 0.06
SOPE = 126.867044765444
KSUB = 201.22560864
RDMSOL = 111
SOLNAM = 544633
