'''Soil parameter file
For MUKEY = 886499
'''

SMFCF = 0.158236219905512
SM0 = 0.3
SMW = 0.0566062982519685
CRAIRC = 0.06
SOPE = 182.013512927244
KSUB = 243.9072
RDMSOL = 127
SOLNAM = 886499
