'''Soil parameter file
For MUKEY = 539260
'''

SMFCF = 0.184442619180328
SM0 = 0.408852459016393
SMW = 0.0785573798032787
CRAIRC = 0.06
SOPE = 34.8248660071869
KSUB = 532.476584991756
RDMSOL = 61
SOLNAM = 539260
