'''Soil parameter file
For MUKEY = 1720951
'''

SMFCF = 0.12200817162853
SM0 = 0.215221963372808
SMW = 0.0499224782236543
CRAIRC = 0.06
SOPE = 675.966084349906
KSUB = 320.802912903529
RDMSOL = 107
SOLNAM = 1720951
