'''Soil parameter file
For MUKEY = 544885
'''

SMFCF = 0.258236842763158
SM0 = 0.395789473684211
SMW = 0.130526315789474
CRAIRC = 0.06
SOPE = 79.228800864
KSUB = 24.364799136
RDMSOL = 76
SOLNAM = 544885
