'''Soil parameter file
For MUKEY = 542066
'''

SMFCF = 0.215481481481481
SM0 = 0.272716049382716
SMW = 0.114024691679012
CRAIRC = 0.06
SOPE = 48.148266752
KSUB = NA
RDMSOL = 81
SOLNAM = 542066
