'''Soil parameter file
For MUKEY = 539656
'''

SMFCF = 0.261901088901099
SM0 = 0.443296703296703
SMW = 0.124021978021978
CRAIRC = 0.06
SOPE = 79.228800864
KSUB = 24.364799136
RDMSOL = 91
SOLNAM = 539656
