'''Soil parameter file
For MUKEY = 544656
'''

SMFCF = 0.360387323591549
SM0 = 0.405422535211268
SMW = 0.288485915492958
CRAIRC = 0.06
SOPE = 10.2609127028282
KSUB = 12.1824
RDMSOL = 142
SOLNAM = 544656
