'''Soil parameter file
For MUKEY = 545564
'''

SMFCF = 0.2095312471875
SM0 = 0.3228125
SMW = 0.099093748875
CRAIRC = 0.06
SOPE = 79.228800864
KSUB = 46.9092974450087
RDMSOL = 64
SOLNAM = 545564
