'''Soil parameter file
For MUKEY = 539210
'''

SMFCF = 0.218529416666667
SM0 = 0.390196078431373
SMW = 0.0879215656078431
CRAIRC = 0.06
SOPE = 67.046401728
KSUB = 492.863497476604
RDMSOL = 51
SOLNAM = 539210
