'''Soil parameter file
For MUKEY = 542103
'''

SMFCF = 0.210699996
SM0 = 0.428
SMW = 0.1035999994
CRAIRC = 0.06
SOPE = 77.76
KSUB = 21.5707118644068
RDMSOL = 60
SOLNAM = 542103
