'''Soil parameter file
For MUKEY = 542097
'''

SMFCF = 0.195251708095238
SM0 = 0.275714285714286
SMW = 0.0976870755102041
CRAIRC = 0.06
SOPE = 201.22560864
KSUB = 43.2
RDMSOL = 147
SOLNAM = 542097
