'''Soil parameter file
For MUKEY = 539621
'''

SMFCF = 0.126266666666667
SM0 = 0.189
SMW = 0.0544000011
CRAIRC = 0.06
SOPE = 201.22560864
KSUB = 201.22560864
RDMSOL = 150
SOLNAM = 539621
