'''Soil parameter file
For MUKEY = 541978
'''

SMFCF = 0.137440945275591
SM0 = 0.245511811023622
SMW = 0.070842521007874
CRAIRC = 0.06
SOPE = 79.228800864
KSUB = 243.9072
RDMSOL = 127
SOLNAM = 541978
