'''Soil parameter file
For MUKEY = 539209
'''

SMFCF = 0.249980007133333
SM0 = 0.429866666666667
SMW = 0.127413331426667
CRAIRC = 0.06
SOPE = 101.1876456384
KSUB = 189.04319136
RDMSOL = 150
SOLNAM = 539209
