'''Soil parameter file
For MUKEY = 1720921
'''

SMFCF = 0.252819411013158
SM0 = 0.349648026315789
SMW = 0.160938487473684
CRAIRC = 0.06
SOPE = 49.4173901216842
KSUB = 42.20791983
RDMSOL = 95
SOLNAM = 1720921
