'''Soil parameter file
For MUKEY = 529749
'''

SMFCF = 0.299176477058824
SM0 = 0.407058823529412
SMW = 0.156117647058824
CRAIRC = 0.06
SOPE = 43.7285644517647
KSUB = 6.973056066816
RDMSOL = 51
SOLNAM = 529749
