'''Soil parameter file
For MUKEY = 542064
'''

SMFCF = 0.167798882339101
SM0 = 0.290113843351548
SMW = 0.0697647236050395
CRAIRC = 0.06
SOPE = 215.45280576
KSUB = 235.90440162
RDMSOL = 61
SOLNAM = 542064
