'''Soil parameter file
For MUKEY = 544591
'''

SMFCF = 0.255723690131579
SM0 = 0.355492957746479
SMW = 0.119447369105263
CRAIRC = 0.06
SOPE = 117.014022519158
KSUB = 21.2023224828493
RDMSOL = 76
SOLNAM = 544591
