'''Soil parameter file
For MUKEY = 540728
'''

SMFCF = 0.100749489658783
SM0 = 0.26878143024774
SMW = 0.0457357135471896
CRAIRC = 0.06
SOPE = 733.032938496
KSUB = 792.63358272
RDMSOL = 83
SOLNAM = 540728
