'''Soil parameter file
For MUKEY = 539255
'''

SMFCF = 0.195792456603774
SM0 = 0.362452830188679
SMW = 0.0750754729433962
CRAIRC = 0.06
SOPE = 79.228800864
KSUB = 6.1343998272
RDMSOL = 53
SOLNAM = 539255
