'''Soil parameter file
For MUKEY = 542057
'''

SMFCF = 0.265048274758621
SM0 = 0.390642857142857
SMW = 0.139662068965517
CRAIRC = 0.06
SOPE = 120.146051591504
KSUB = 121.9104
RDMSOL = 145
SOLNAM = 542057
