'''Soil parameter file
For MUKEY = 542049
'''

SMFCF = 0.246000003913043
SM0 = 0.365217391304348
SMW = 0.121739130434783
CRAIRC = 0.06
SOPE = 79.228800864
KSUB = 31.2681596256
RDMSOL = 46
SOLNAM = 542049
