'''Soil parameter file
For MUKEY = 545582
'''

SMFCF = 0.150653331013333
SM0 = 0.27
SMW = 0.07381333452
CRAIRC = 0.06
SOPE = 201.22560864
KSUB = 201.22560864
RDMSOL = 150
SOLNAM = 545582
