'''Soil parameter file
For MUKEY = 1720854
'''

SMFCF = 0.157291338015748
SM0 = 0.298425196850394
SMW = 0.0562913371496063
CRAIRC = 0.06
SOPE = 182.013512927244
KSUB = 243.9072
RDMSOL = 127
SOLNAM = 1720854
