'''Soil parameter file
For MUKEY = 542067
'''

SMFCF = 0.329816614405998
SM0 = 0.437867647058824
SMW = 0.182543713287197
CRAIRC = 0.06
SOPE = 74.6051939658186
KSUB = 10.9316093485395
RDMSOL = 51
SOLNAM = 542067
