'''Soil parameter file
For MUKEY = 539625
'''

SMFCF = 0.1248
SM0 = 0.186
SMW = 0.0538000007
CRAIRC = 0.06
SOPE = 201.22560864
KSUB = 201.22560864
RDMSOL = 150
SOLNAM = 539625
