'''Soil parameter file
For MUKEY = 2421648
'''

SMFCF = 0.292333331666667
SM0 = 0.426333333333333
SMW = 0.143533333333333
CRAIRC = 0.06
SOPE = 79.228800864
KSUB = 7.20994778413777
RDMSOL = 60
SOLNAM = 2421648
