'''Soil parameter file
For MUKEY = 545633
'''

SMFCF = 0.211525193439046
SM0 = 0.30914979757085
SMW = 0.0988401916441745
CRAIRC = 0.06
SOPE = 103.746461435077
KSUB = 61.9042375393433
RDMSOL = 52
SOLNAM = 545633
