'''Soil parameter file
For MUKEY = 544561
'''

SMFCF = 0.219607594936709
SM0 = 0.322278481012658
SMW = 0.11264556978481
CRAIRC = 0.06
SOPE = 201.22560864
KSUB = 60.998399136
RDMSOL = 79
SOLNAM = 544561
