'''Soil parameter file
For MUKEY = 539614
'''

SMFCF = 0.137024097228916
SM0 = 0.24225
SMW = 0.0645662661445783
CRAIRC = 0.06
SOPE = 794.88
KSUB = 115.943225806452
RDMSOL = 83
SOLNAM = 539614
