'''Soil parameter file
For MUKEY = 544886
'''

SMFCF = 0.121734296029389
SM0 = 0.209233363444746
SMW = 0.0496096957260464
CRAIRC = 0.06
SOPE = 233.362653761561
KSUB = 325.729379843657
RDMSOL = 41
SOLNAM = 544886
