'''Soil parameter file
For MUKEY = 542109
'''

SMFCF = 0.311213334866667
SM0 = 0.413066666666667
SMW = 0.219719991533333
CRAIRC = 0.06
SOPE = 8.92972772121603
KSUB = 6.1343998272
RDMSOL = 150
SOLNAM = 542109
