'''Soil parameter file
For MUKEY = 544946
'''

SMFCF = 0.163956516956522
SM0 = 0.25
SMW = 0.0768695662173913
CRAIRC = 0.06
SOPE = 243.9072
KSUB = 181.44
RDMSOL = 46
SOLNAM = 544946
