'''Soil parameter file
For MUKEY = 3180046
'''

SMFCF = 0.288107142857143
SM0 = 0.403928571428571
SMW = 0.137178571428571
CRAIRC = 0.06
SOPE = 77.76
KSUB = 17.0741509244853
RDMSOL = 56
SOLNAM = 3180046
