'''Soil parameter file
For MUKEY = 539222
'''

SMFCF = 0.253292682926829
SM0 = 0.395609756097561
SMW = 0.130268292682927
CRAIRC = 0.06
SOPE = 79.228800864
KSUB = 6.1343998272
RDMSOL = 41
SOLNAM = 539222
