'''Soil parameter file
For MUKEY = 544566
'''

SMFCF = 0.25108017045718
SM0 = 0.355396635810383
SMW = 0.134489001114146
CRAIRC = 0.06
SOPE = 84.0017359300502
KSUB = 26.4624686316
RDMSOL = 118
SOLNAM = 544566
