'''Soil parameter file
For MUKEY = 544609
'''

SMFCF = 0.17910451455055
SM0 = 0.258798081828385
SMW = 0.0794216617251228
CRAIRC = 0.06
SOPE = 219.33697363955
KSUB = 243.9072
RDMSOL = 125
SOLNAM = 544609
