'''Soil parameter file
For MUKEY = 539252
'''

SMFCF = 0.200301893018868
SM0 = 0.37
SMW = 0.075188678490566
CRAIRC = 0.06
SOPE = 79.228800864
KSUB = 9.28987817822608
RDMSOL = 53
SOLNAM = 539252
