'''Soil parameter file
For MUKEY = 544930
'''

SMFCF = 0.232226671266667
SM0 = 0.301266666666667
SMW = 0.135706666666667
CRAIRC = 0.06
SOPE = 72.198720467712
KSUB = 7.9488001728
RDMSOL = 150
SOLNAM = 544930
