'''Soil parameter file
For MUKEY = 542063
'''

SMFCF = 0.146854426431014
SM0 = 0.239505317000942
SMW = 0.062388612827433
CRAIRC = 0.06
SOPE = 216.223476214834
KSUB = 160.174330434782
RDMSOL = 69
SOLNAM = 542063
