'''Soil parameter file
For MUKEY = 542065
'''

SMFCF = 0.218350515463918
SM0 = 0.221546391752577
SMW = 0.116742268268041
CRAIRC = 0.06
SOPE = 42.2139709736907
KSUB = NA
RDMSOL = 97
SOLNAM = 542065
