'''Soil parameter file
For MUKEY = 542061
'''

SMFCF = 0.182187993823229
SM0 = 0.295386813635436
SMW = 0.079628222741648
CRAIRC = 0.06
SOPE = 209.380327977465
KSUB = 77.4276923076923
RDMSOL = 71
SOLNAM = 542061
