'''Soil parameter file
For MUKEY = 540723
'''

SMFCF = 0.276913797068966
SM0 = 0.397758620689655
SMW = 0.145189661206897
CRAIRC = 0.06
SOPE = 79.228800864
KSUB = 24.364799136
RDMSOL = 58
SOLNAM = 540723
