'''Soil parameter file
For MUKEY = 540696
'''

SMFCF = 0.174726666093333
SM0 = 0.398066666666667
SMW = 0.0547600011066667
CRAIRC = 0.06
SOPE = 111.03379531776
KSUB = 201.22560864
RDMSOL = 150
SOLNAM = 540696
