'''Soil parameter file
For MUKEY = 544560
'''

SMFCF = 0.186270278648649
SM0 = 0.22945945945946
SMW = 0.108013513486486
CRAIRC = 0.06
SOPE = 12.2244324324324
KSUB = 0.864
RDMSOL = 148
SOLNAM = 544560
