'''Soil parameter file
For MUKEY = 542104
'''

SMFCF = 0.266162162162162
SM0 = 0.435135135135135
SMW = 0.127837838594595
CRAIRC = 0.06
SOPE = 79.228800864
KSUB = 39.5785024136112
RDMSOL = 74
SOLNAM = 542104
