'''Soil parameter file
For MUKEY = 539612
'''

SMFCF = 0.172596983805178
SM0 = 0.28170415959253
SMW = 0.0746576845305603
CRAIRC = 0.06
SOPE = 228.22695
KSUB = 123.48288
RDMSOL = 62
SOLNAM = 539612
