'''Soil parameter file
For MUKEY = 544661
'''

SMFCF = 0.281274342098237
SM0 = 0.359357689991972
SMW = 0.185079210964103
CRAIRC = 0.06
SOPE = 64.0292137186322
KSUB = 10.3581659281171
RDMSOL = 103
SOLNAM = 544661
