'''Soil parameter file
For MUKEY = 1720923
'''

SMFCF = 0.281484494955507
SM0 = 0.376207711611503
SMW = 0.170652817739987
CRAIRC = 0.06
SOPE = 43.5684407382446
KSUB = 11.4524689953104
RDMSOL = 97
SOLNAM = 1720923
