'''Soil parameter file
For MUKEY = 545590
'''

SMFCF = 0.187595156989129
SM0 = 0.310054790917857
SMW = 0.0783969927639169
CRAIRC = 0.06
SOPE = 118.05927710528
KSUB = 35.0552793088902
RDMSOL = 88
SOLNAM = 545590
