'''Soil parameter file
For MUKEY = 1720931
'''

SMFCF = 0.223482841535539
SM0 = 0.299803921568627
SMW = 0.0977794112377451
CRAIRC = 0.06
SOPE = 110.682053670176
KSUB = 69.251360847638
RDMSOL = 64
SOLNAM = 1720931
