'''Soil parameter file
For MUKEY = 539615
'''

SMFCF = 0.141879517686747
SM0 = 0.209125
SMW = 0.0484096397228916
CRAIRC = 0.06
SOPE = 794.88
KSUB = 115.943225806452
RDMSOL = 83
SOLNAM = 539615
