'''Soil parameter file
For MUKEY = 541972
'''

SMFCF = 0.252194030298507
SM0 = 0.344179104477612
SMW = 0.116402985223881
CRAIRC = 0.06
SOPE = 141.979701492537
KSUB = 37.4608234233656
RDMSOL = 67
SOLNAM = 541972
