'''Soil parameter file
For MUKEY = 540718
'''

SMFCF = 0.206047314612869
SM0 = 0.314294831223629
SMW = 0.095460813103903
CRAIRC = 0.06
SOPE = 227.90160324
KSUB = 201.22560864
RDMSOL = 90
SOLNAM = 540718
