'''Soil parameter file
For MUKEY = 542020
'''

SMFCF = 0.269
SM0 = 0.417605633802817
SMW = 0.132774647887324
CRAIRC = 0.06
SOPE = 79.228800864
KSUB = 22.7290900450909
RDMSOL = 71
SOLNAM = 542020
