'''Soil parameter file
For MUKEY = 539602
'''

SMFCF = 0.228873333333333
SM0 = 0.3156
SMW = 0.12502666584
CRAIRC = 0.06
SOPE = 79.228800864
KSUB = 55.209600288
RDMSOL = 150
SOLNAM = 539602
