'''Soil parameter file
For MUKEY = 540720
'''

SMFCF = 0.160933336866667
SM0 = 0.413933333333333
SMW = 0.0740333323666667
CRAIRC = 0.06
SOPE = 243.9072
KSUB = 243.9072
RDMSOL = 150
SOLNAM = 540720
