'''Soil parameter file
For MUKEY = 539606
'''

SMFCF = 0.210047619047619
SM0 = 0.331904761904762
SMW = 0.0988571436507936
CRAIRC = 0.06
SOPE = 79.228800864
KSUB = 7.9488001728
RDMSOL = 63
SOLNAM = 539606
