'''Soil parameter file
For MUKEY = 539270
'''

SMFCF = 0.2733066618
SM0 = 0.434866666666667
SMW = 0.133313334533333
CRAIRC = 0.06
SOPE = 15.040512359424
KSUB = 7.9488001728
RDMSOL = 150
SOLNAM = 539270
