'''Soil parameter file
For MUKEY = 542116
'''

SMFCF = 0.217450705275772
SM0 = 0.315535566339212
SMW = 0.113517753645402
CRAIRC = 0.06
SOPE = 78.3538679575157
KSUB = 71.020800432
RDMSOL = 112
SOLNAM = 542116
