'''Soil parameter file
For MUKEY = 539609
'''

SMFCF = 0.252194030298507
SM0 = 0.350746268656716
SMW = 0.116402985223881
CRAIRC = 0.06
SOPE = 141.979701492537
KSUB = 37.4608234233656
RDMSOL = 67
SOLNAM = 539609
