'''Soil parameter file
For MUKEY = 540707
'''

SMFCF = 0.287676128104019
SM0 = 0.396330969267139
SMW = 0.168867614468085
CRAIRC = 0.06
SOPE = 44.818928189903
KSUB = 32.944393429957
RDMSOL = 94
SOLNAM = 540707
