'''Soil parameter file
For MUKEY = 542059
'''

SMFCF = 0.134758240274725
SM0 = 0.238241758241758
SMW = 0.0527142859120879
CRAIRC = 0.06
SOPE = 212.297142857143
KSUB = 4.32
RDMSOL = 91
SOLNAM = 542059
