'''Soil parameter file
For MUKEY = 539596
'''

SMFCF = 0.144340000226667
SM0 = 0.380933333333333
SMW = 0.0484799985733333
CRAIRC = 0.06
SOPE = 460.09612052928
KSUB = 792.63358272
RDMSOL = 150
SOLNAM = 539596
