'''Soil parameter file
For MUKEY = 542114
'''

SMFCF = 0.221786525420328
SM0 = 0.32073432045263
SMW = 0.114045543275149
CRAIRC = 0.06
SOPE = 78.5205218444651
KSUB = 69.8886624413793
RDMSOL = 117
SOLNAM = 542114
