'''Soil parameter file
For MUKEY = 542056
'''

SMFCF = 0.272924138137931
SM0 = 0.352620689655172
SMW = 0.17371724137931
CRAIRC = 0.06
SOPE = 41.7180909629793
KSUB = 20.131199136
RDMSOL = 145
SOLNAM = 542056
