'''Soil parameter file
For MUKEY = 529783
'''

SMFCF = 0.250380004733333
SM0 = 0.383333333333333
SMW = 0.132973333333333
CRAIRC = 0.06
SOPE = 29.19283140096
KSUB = 30.2333535138461
RDMSOL = 150
SOLNAM = 529783
