'''Soil parameter file
For MUKEY = 539641
'''

SMFCF = 0.250440002
SM0 = 0.3088
SMW = 0.1685200052
CRAIRC = 0.06
SOPE = 27.565055854848
KSUB = 20.131199136
RDMSOL = 150
SOLNAM = 539641
