'''Soil parameter file
For MUKEY = 1678209
'''

SMFCF = 0.278276926
SM0 = 0.377118644067797
SMW = 0.1308307704
CRAIRC = 0.06
SOPE = 145.288911553477
KSUB = 22.49510320512
RDMSOL = 65
SOLNAM = 1678209
