'''Soil parameter file
For MUKEY = 542121
'''

SMFCF = 0.075999999
SM0 = 0.11
SMW = 0.039000001
CRAIRC = 0.06
SOPE = 670.72317408
KSUB = 670.72317408
RDMSOL = 150
SOLNAM = 542121
