'''Soil parameter file
For MUKEY = 540745
'''

SMFCF = 0.2706875
SM0 = 0.421875
SMW = 0.145875
CRAIRC = 0.06
SOPE = 79.228800864
KSUB = 24.364799136
RDMSOL = 64
SOLNAM = 540745
