'''Soil parameter file
For MUKEY = 539235
'''

SMFCF = 0.2633125
SM0 = 0.36875
SMW = 0.12984375
CRAIRC = 0.06
SOPE = 79.228800864
KSUB = 7.9488001728
RDMSOL = 64
SOLNAM = 539235
