'''Soil parameter file
For MUKEY = 541981
'''

SMFCF = 0.185741927741935
SM0 = 0.343064516129032
SMW = 0.0714677425645161
CRAIRC = 0.06
SOPE = 79.228800864
KSUB = 243.9072
RDMSOL = 124
SOLNAM = 541981
