'''Soil parameter file
For MUKEY = 541948
'''

SMFCF = 0.265333335
SM0 = 0.400833333333333
SMW = 0.13825
CRAIRC = 0.06
SOPE = 79.228800864
KSUB = 24.364799136
RDMSOL = 48
SOLNAM = 541948
