'''Soil parameter file
For MUKEY = 540727
'''

SMFCF = 0.115719006597366
SM0 = 0.278893152858347
SMW = 0.0454798285227296
CRAIRC = 0.06
SOPE = 733.032938496
KSUB = 792.63358272
RDMSOL = 83
SOLNAM = 540727
