'''Soil parameter file
For MUKEY = 542101
'''

SMFCF = 0.212132866216783
SM0 = 0.266043165467626
SMW = 0.109251748230769
CRAIRC = 0.06
SOPE = 217.831325880839
KSUB = 101.366403936
RDMSOL = 143
SOLNAM = 542101
