'''Soil parameter file
For MUKEY = 544870
'''

SMFCF = 0.13176390492674
SM0 = 0.301943173951039
SMW = 0.0591824350657466
CRAIRC = 0.06
SOPE = 355.804030924506
KSUB = 312.054288298487
RDMSOL = 146
SOLNAM = 544870
