'''Soil parameter file
For MUKEY = 539587
'''

SMFCF = 0.267312499583333
SM0 = 0.406041666666667
SMW = 0.139416666666667
CRAIRC = 0.06
SOPE = 79.228800864
KSUB = 36.0026176843636
RDMSOL = 48
SOLNAM = 539587
