'''Soil parameter file
For MUKEY = 539647
'''

SMFCF = 0.229221670673235
SM0 = 0.363825944170772
SMW = 0.112380952315271
CRAIRC = 0.06
SOPE = 145.372899701438
KSUB = 23.3086799242733
RDMSOL = 87
SOLNAM = 539647
