'''Soil parameter file
For MUKEY = 541980
'''

SMFCF = 0.154863253076923
SM0 = 0.34008547008547
SMW = 0.0818034177264957
CRAIRC = 0.06
SOPE = 79.228800864
KSUB = 77.76
RDMSOL = 117
SOLNAM = 541980
