'''Soil parameter file
For MUKEY = 542100
'''

SMFCF = 0.127212598425197
SM0 = 0.181496062992126
SMW = 0.104236221259843
CRAIRC = 0.06
SOPE = 201.22560864
KSUB = 121.824
RDMSOL = 127
SOLNAM = 542100
