'''Soil parameter file
For MUKEY = 529780
'''

SMFCF = 0.156440943748031
SM0 = 0.295590551181102
SMW = 0.0560078722992126
CRAIRC = 0.06
SOPE = 182.013512927244
KSUB = 243.9072
RDMSOL = 127
SOLNAM = 529780
