'''Soil parameter file
For MUKEY = 544947
'''

SMFCF = 0.168368414947368
SM0 = 0.257368421052632
SMW = 0.0797368428157895
CRAIRC = 0.06
SOPE = 243.9072
KSUB = 181.44
RDMSOL = 38
SOLNAM = 544947
