'''Soil parameter file
For MUKEY = 545615
'''

SMFCF = 0.199273331933333
SM0 = 0.332933333333333
SMW = 0.0905533333066667
CRAIRC = 0.06
SOPE = 89.4585564633603
KSUB = 184.72319136
RDMSOL = 150
SOLNAM = 545615
