'''Soil parameter file
For MUKEY = 540713
'''

SMFCF = 0.208292934390771
SM0 = 0.320987563085797
SMW = 0.0948664569429344
CRAIRC = 0.06
SOPE = 243.9072
KSUB = 243.9072
RDMSOL = 73
SOLNAM = 540713
