'''Soil parameter file
For MUKEY = 544896
'''

SMFCF = 0.210428562857143
SM0 = 0.322857142857143
SMW = 0.105714285857143
CRAIRC = 0.06
SOPE = 201.22560864
KSUB = 20.131199136
RDMSOL = 91
SOLNAM = 544896
