'''Soil parameter file
For MUKEY = 2421658
'''

SMFCF = 0.297556955189873
SM0 = 0.413164556962025
SMW = 0.151443037974684
CRAIRC = 0.06
SOPE = 70.901591328
KSUB = 24.3093800101482
RDMSOL = 79
SOLNAM = 2421658
