'''Soil parameter file
For MUKEY = 542093
'''

SMFCF = 0.137260563380282
SM0 = 0.282116788321168
SMW = 0.052802817056338
CRAIRC = 0.06
SOPE = 636.02019145014
KSUB = 285.751903341176
RDMSOL = 142
SOLNAM = 542093
