'''Soil parameter file
For MUKEY = 1720900
'''

SMFCF = 0.226333330625
SM0 = 0.371875
SMW = 0.104958334416667
CRAIRC = 0.06
SOPE = 79.228800864
KSUB = 42.3258363715765
RDMSOL = 48
SOLNAM = 1720900
