'''Soil parameter file
For MUKEY = 542111
'''

SMFCF = 0.221437039957747
SM0 = 0.319553438276719
SMW = 0.115385417827506
CRAIRC = 0.06
SOPE = 78.6038487879398
KSUB = 69.3792003456
RDMSOL = 120
SOLNAM = 542111
