'''Soil parameter file
For MUKEY = 539275
'''

SMFCF = 0.23825001
SM0 = 0.37
SMW = 0.1040714275
CRAIRC = 0.06
SOPE = 79.228800864
KSUB = 48.8922359196381
RDMSOL = 56
SOLNAM = 539275
