'''Soil parameter file
For MUKEY = 544678
'''

SMFCF = 0.215338027309859
SM0 = 0.266204379562044
SMW = 0.110507042239437
CRAIRC = 0.06
SOPE = 222.128932279436
KSUB = 104.932804104
RDMSOL = 142
SOLNAM = 544678
