'''Soil parameter file
For MUKEY = 539636
'''

SMFCF = 0.117401205259919
SM0 = 0.296907729534767
SMW = 0.0531290501986121
CRAIRC = 0.06
SOPE = 416.744761134733
KSUB = 186.633868361143
RDMSOL = 149
SOLNAM = 539636
