'''Soil parameter file
For MUKEY = 2428756
'''

SMFCF = 0.228100418102033
SM0 = 0.334828229764291
SMW = 0.111179162919908
CRAIRC = 0.06
SOPE = 118.15554563473
KSUB = 201.22560864
RDMSOL = 115
SOLNAM = 2428756
