'''Soil parameter file
For MUKEY = 544662
'''

SMFCF = 0.209216216216216
SM0 = 0.314583333333333
SMW = 0.100378378189189
CRAIRC = 0.06
SOPE = 98.5707251649726
KSUB = 68.4796251557647
RDMSOL = 74
SOLNAM = 544662
