'''Soil parameter file
For MUKEY = 545624
'''

SMFCF = 0.23732
SM0 = 0.312
SMW = 0.136093333333333
CRAIRC = 0.06
SOPE = 31.6799993664
KSUB = 24.364799136
RDMSOL = 150
SOLNAM = 545624
