'''Soil parameter file
For MUKEY = 542024
'''

SMFCF = 0.1704599976
SM0 = 0.3926
SMW = 0.08905999794
CRAIRC = 0.06
SOPE = 201.22560864
KSUB = 201.22560864
RDMSOL = 150
SOLNAM = 542024
