'''Soil parameter file
For MUKEY = 1720849
'''

SMFCF = 0.30021276751773
SM0 = 0.41705035971223
SMW = 0.173368794326241
CRAIRC = 0.06
SOPE = 38.3616002463319
KSUB = 25.2864000384
RDMSOL = 141
SOLNAM = 1720849
