'''Soil parameter file
For MUKEY = 544823
'''

SMFCF = 0.112659342230769
SM0 = 0.196813186813187
SMW = 0.0428791212747253
CRAIRC = 0.06
SOPE = 216.683600882638
KSUB = 4.32
RDMSOL = 91
SOLNAM = 544823
