'''Soil parameter file
For MUKEY = 1678241
'''

SMFCF = 0.272754598939394
SM0 = 0.359683441558442
SMW = 0.183305194929383
CRAIRC = 0.06
SOPE = 48.4878544733123
KSUB = 10.4093539185231
RDMSOL = 105
SOLNAM = 1678241
