'''Soil parameter file
For MUKEY = 539251
'''

SMFCF = 0.201075471698113
SM0 = 0.37377358490566
SMW = 0.0773396238867925
CRAIRC = 0.06
SOPE = 79.228800864
KSUB = 6.1343998272
RDMSOL = 53
SOLNAM = 539251
