'''Soil parameter file
For MUKEY = 542112
'''

SMFCF = 0.217494205561013
SM0 = 0.320536158125222
SMW = 0.112247484373299
CRAIRC = 0.06
SOPE = 78.3538679575157
KSUB = 70.6834853457534
RDMSOL = 112
SOLNAM = 542112
