'''Soil parameter file
For MUKEY = 545639
'''

SMFCF = 0.198223999751111
SM0 = 0.297648888888889
SMW = 0.101252444607111
CRAIRC = 0.06
SOPE = 88.766622789522
KSUB = 55.0061939818128
RDMSOL = 150
SOLNAM = 545639
