'''Soil parameter file
For MUKEY = 539599
'''

SMFCF = 0.207573336586667
SM0 = 0.412533333333333
SMW = 0.0702400010266667
CRAIRC = 0.06
SOPE = 79.15680174528
KSUB = 201.22560864
RDMSOL = 150
SOLNAM = 539599
