'''Soil parameter file
For MUKEY = 540762
'''

SMFCF = 0.179586660253333
SM0 = 0.355333333333333
SMW = 0.0665799979866667
CRAIRC = 0.06
SOPE = 131.92588858752
KSUB = 243.9072
RDMSOL = 150
SOLNAM = 540762
