'''Soil parameter file
For MUKEY = 621314
'''

SMFCF = 0.142662553194444
SM0 = 0.232831515442087
SMW = 0.0669835384125514
CRAIRC = 0.06
SOPE = 438.060521399111
KSUB = 449.299190016
RDMSOL = 108
SOLNAM = 621314
