'''Soil parameter file
For MUKEY = 563160
'''

SMFCF = 0.263706666666667
SM0 = 0.348066666666667
SMW = 0.166306666666667
CRAIRC = 0.06
SOPE = 19.994687958528
KSUB = 20.131199136
RDMSOL = 150
SOLNAM = 563160
