'''Soil parameter file
For MUKEY = 539652
'''

SMFCF = 0.193959191605442
SM0 = 0.27312925170068
SMW = 0.0969115647891156
CRAIRC = 0.06
SOPE = 201.22560864
KSUB = 43.2
RDMSOL = 147
SOLNAM = 539652
