'''Soil parameter file
For MUKEY = 539206
'''

SMFCF = 0.23211320754717
SM0 = 0.326603773584906
SMW = 0.114735848377359
CRAIRC = 0.06
SOPE = 79.228800864
KSUB = 7.9488001728
RDMSOL = 53
SOLNAM = 539206
