'''Soil parameter file
For MUKEY = 539645
'''

SMFCF = 0.220499992380952
SM0 = 0.332380952380952
SMW = 0.110904762142857
CRAIRC = 0.06
SOPE = 201.22560864
KSUB = 20.131199136
RDMSOL = 84
SOLNAM = 539645
