'''Soil parameter file
For MUKEY = 544938
'''

SMFCF = 0.312133342666667
SM0 = 0.330666666666667
SMW = 0.208599999333333
CRAIRC = 0.06
SOPE = 79.228800864
KSUB = 79.228800864
RDMSOL = 150
SOLNAM = 544938
