'''Soil parameter file
For MUKEY = 1720884
'''

SMFCF = 0.206756756756757
SM0 = 0.307777777777778
SMW = 0.098608108472973
CRAIRC = 0.06
SOPE = 98.5707251649726
KSUB = 68.7867444617143
RDMSOL = 74
SOLNAM = 1720884
