'''Soil parameter file
For MUKEY = 1720955
'''

SMFCF = 0.231952213797681
SM0 = 0.312818839137645
SMW = 0.116713053344145
CRAIRC = 0.06
SOPE = 105.116904368701
KSUB = 71.51328045792
RDMSOL = 103
SOLNAM = 1720955
