'''Soil parameter file
For MUKEY = 544610
'''

SMFCF = 0.21516049382716
SM0 = 0.29
SMW = 0.100790120814815
CRAIRC = 0.06
SOPE = 114.681601429333
KSUB = 21.359345800712
RDMSOL = 81
SOLNAM = 544610
