'''Soil parameter file
For MUKEY = 544873
'''

SMFCF = 0.156656217324412
SM0 = 0.257675941862689
SMW = 0.0440171236097679
CRAIRC = 0.06
SOPE = 616.016576576576
KSUB = 277.721474654447
RDMSOL = 126
SOLNAM = 544873
