'''Soil parameter file
For MUKEY = 539635
'''

SMFCF = 0.117685714231293
SM0 = 0.297482993197279
SMW = 0.0532979585619048
CRAIRC = 0.06
SOPE = 416.704364627069
KSUB = 43.2
RDMSOL = 147
SOLNAM = 539635
