'''Soil parameter file
For MUKEY = 545650
'''

SMFCF = 0.21770666616
SM0 = 0.391666666666667
SMW = 0.100093333333333
CRAIRC = 0.06
SOPE = 111.85113729024
KSUB = 243.9072
RDMSOL = 150
SOLNAM = 545650
