'''Soil parameter file
For MUKEY = 544583
'''

SMFCF = 0.284066666666667
SM0 = 0.361666666666667
SMW = 0.188500001533333
CRAIRC = 0.06
SOPE = 19.528128223488
KSUB = 46.807199676
RDMSOL = 150
SOLNAM = 544583
