'''Soil parameter file
For MUKEY = 542016
'''

SMFCF = 0.0826052623684211
SM0 = 0.298157894736842
SMW = 0.0291052631578947
CRAIRC = 0.06
SOPE = 547.150727292631
KSUB = 365.8176
RDMSOL = 114
SOLNAM = 542016
