'''Soil parameter file
For MUKEY = 545649
'''

SMFCF = 0.254658227848101
SM0 = 0.421392405063291
SMW = 0.119835443037975
CRAIRC = 0.06
SOPE = 79.228800864
KSUB = 18.4319993962667
RDMSOL = 79
SOLNAM = 545649
