'''Soil parameter file
For MUKEY = 1720901
'''

SMFCF = 0.266279069767442
SM0 = 0.43046511627907
SMW = 0.127953489069767
CRAIRC = 0.06
SOPE = 79.228800864
KSUB = 39.80610101115
RDMSOL = 43
SOLNAM = 1720901
