'''Soil parameter file
For MUKEY = 545594
'''

SMFCF = 0.24932
SM0 = 0.448666666666667
SMW = 0.12232
CRAIRC = 0.06
SOPE = 88.01164881792
KSUB = 243.9072
RDMSOL = 150
SOLNAM = 545594
