'''Soil parameter file
For MUKEY = 542002
'''

SMFCF = 0.151591189283558
SM0 = 0.245992390615092
SMW = 0.044077928497212
CRAIRC = 0.06
SOPE = 619.253940126316
KSUB = 242.844843902198
RDMSOL = 114
SOLNAM = 542002
