'''Soil parameter file
For MUKEY = 539632
'''

SMFCF = 0.152220472543307
SM0 = 0.233333333333333
SMW = 0.0792047253622047
CRAIRC = 0.06
SOPE = 201.22560864
KSUB = 43.2
RDMSOL = 127
SOLNAM = 539632
