'''Soil parameter file
For MUKEY = 540700
'''

SMFCF = 0.150488374744186
SM0 = 0.263720930232558
SMW = 0.0590697677906977
CRAIRC = 0.06
SOPE = 207.181179527442
KSUB = NA
RDMSOL = 86
SOLNAM = 540700
