'''Soil parameter file
For MUKEY = 2394564
'''

SMFCF = 0.195272727272727
SM0 = 0.311688311688312
SMW = 0.0950259738051948
CRAIRC = 0.06
SOPE = 79.228800864
KSUB = 67.046401728
RDMSOL = 77
SOLNAM = 2394564
