'''Soil parameter file
For MUKEY = 542058
'''

SMFCF = 0.167901097362637
SM0 = 0.294285714285714
SMW = 0.0662857127252747
CRAIRC = 0.06
SOPE = 208.710120390329
KSUB = 4.32
RDMSOL = 91
SOLNAM = 542058
