'''Soil parameter file
For MUKEY = 539630
'''

SMFCF = 0.309773333333333
SM0 = 0.378466666666667
SMW = 0.224693332466667
CRAIRC = 0.06
SOPE = 79.7754244896
KSUB = 188.011481133177
RDMSOL = 150
SOLNAM = 539630
