'''Soil parameter file
For MUKEY = 539218
'''

SMFCF = 0.0997799995066667
SM0 = 0.2094
SMW = 0.034919998888
CRAIRC = 0.06
SOPE = 988.1015069376
KSUB = 1823.04
RDMSOL = 150
SOLNAM = 539218
