'''Soil parameter file
For MUKEY = 545596
'''

SMFCF = 0.185214949719626
SM0 = 0.284953271028037
SMW = 0.0818878496074766
CRAIRC = 0.06
SOPE = 79.228800864
KSUB = 7.9488001728
RDMSOL = 107
SOLNAM = 545596
