'''Soil parameter file
For MUKEY = 544825
'''

SMFCF = 0.276
SM0 = 0.435
SMW = 0.137
CRAIRC = 0.06
SOPE = 79.228800864
KSUB = 15.57882899712
RDMSOL = 46
SOLNAM = 544825
