'''Soil parameter file
For MUKEY = 544805
'''

SMFCF = 0.267066666
SM0 = 0.424666666666667
SMW = 0.130813333333333
CRAIRC = 0.06
SOPE = 104.3009252928
KSUB = 189.04319136
RDMSOL = 150
SOLNAM = 544805
