'''Soil parameter file
For MUKEY = 539683
'''

SMFCF = 0.148894736842105
SM0 = 0.256842105263158
SMW = 0.0629398501804511
CRAIRC = 0.06
SOPE = 243.9072
KSUB = 43.2
RDMSOL = 38
SOLNAM = 539683
