'''Soil parameter file
For MUKEY = 545570
'''

SMFCF = 0.255293333466667
SM0 = 0.426266666666667
SMW = 0.117426666853333
CRAIRC = 0.06
SOPE = 189.64108386432
KSUB = 670.72317408
RDMSOL = 150
SOLNAM = 545570
