'''Soil parameter file
For MUKEY = 580374
'''

SMFCF = 0.221268817204301
SM0 = 0.32
SMW = 0.0963440862903226
CRAIRC = 0.06
SOPE = 150.360155424
KSUB = 49.3898435407059
RDMSOL = 93
SOLNAM = 580374
