'''Soil parameter file
For MUKEY = 2422495
'''

SMFCF = 0.240717700984821
SM0 = 0.312741000877963
SMW = 0.120701443263447
CRAIRC = 0.06
SOPE = 115.888473864243
KSUB = 71.2913938528351
RDMSOL = 106
SOLNAM = 2422495
