'''Soil parameter file
For MUKEY = 545643
'''

SMFCF = 0.266135132432432
SM0 = 0.388918918918919
SMW = 0.132810810810811
CRAIRC = 0.06
SOPE = 79.228800864
KSUB = 48.9315355116279
RDMSOL = 74
SOLNAM = 545643
