'''Soil parameter file
For MUKEY = 541951
'''

SMFCF = 0.226391300434783
SM0 = 0.378260869565217
SMW = 0.106956523304348
CRAIRC = 0.06
SOPE = 79.228800864
KSUB = 15.0440435249934
RDMSOL = 46
SOLNAM = 541951
