'''Soil parameter file
For MUKEY = 539592
'''

SMFCF = 0.249754711320755
SM0 = 0.354339622641509
SMW = 0.120509432226415
CRAIRC = 0.06
SOPE = 79.228800864
KSUB = 7.9488001728
RDMSOL = 53
SOLNAM = 539592
