'''Soil parameter file
For MUKEY = 539668
'''

SMFCF = 0.261459009344262
SM0 = 0.341803278688525
SMW = 0.140918033967213
CRAIRC = 0.06
SOPE = 79.228800864
KSUB = 15.7375470509114
RDMSOL = 61
SOLNAM = 539668
