'''Soil parameter file
For MUKEY = 540725
'''

SMFCF = 0.114090908727273
SM0 = 0.293636363636364
SMW = 0.0530909088181818
CRAIRC = 0.06
SOPE = 792.63358272
KSUB = NA
RDMSOL = 99
SOLNAM = 540725
