'''Soil parameter file
For MUKEY = 561370
'''

SMFCF = 0.335600005
SM0 = 0.4514
SMW = 0.183179999
CRAIRC = 0.06
SOPE = 89.24947177536
KSUB = 10.9982263271863
RDMSOL = 50
SOLNAM = 561370
