'''Soil parameter file
For MUKEY = 545634
'''

SMFCF = 0.214522571419956
SM0 = 0.312991593567251
SMW = 0.098614126498538
CRAIRC = 0.06
SOPE = 192.853333180952
KSUB = 42.7569230769231
RDMSOL = 64
SOLNAM = 545634
