'''Soil parameter file
For MUKEY = 2393847
'''

SMFCF = 0.175
SM0 = 0.26
SMW = 0.079000001
CRAIRC = 0.06
SOPE = 79.228800864
KSUB = 24.364799136
RDMSOL = 18
SOLNAM = 2393847
