'''Soil parameter file
For MUKEY = 1720838
'''

SMFCF = 0.277735849056604
SM0 = 0.427547169811321
SMW = 0.145584905660377
CRAIRC = 0.06
SOPE = 71.6435334774339
KSUB = 17.5454452001928
RDMSOL = 53
SOLNAM = 1720838
