'''Soil parameter file
For MUKEY = 544603
'''

SMFCF = 0.259143843356164
SM0 = 0.381527777777778
SMW = 0.134972602739726
CRAIRC = 0.06
SOPE = 49.0479774667398
KSUB = 30.0257749992329
RDMSOL = 146
SOLNAM = 544603
