'''Soil parameter file
For MUKEY = 542115
'''

SMFCF = 0.221856127329016
SM0 = 0.315673340892815
SMW = 0.117334686205613
CRAIRC = 0.06
SOPE = 78.564789283186
KSUB = 69.6776730885819
RDMSOL = 118
SOLNAM = 542115
