'''Soil parameter file
For MUKEY = 540715
'''

SMFCF = 0.154347827851662
SM0 = 0.256982097186701
SMW = 0.0628670069377664
CRAIRC = 0.06
SOPE = 224.833976656941
KSUB = 156.937936589617
RDMSOL = 68
SOLNAM = 540715
