'''Soil parameter file
For MUKEY = 540743
'''

SMFCF = 0.215839498641975
SM0 = 0.332469135802469
SMW = 0.105098766419753
CRAIRC = 0.06
SOPE = 201.22560864
KSUB = 20.131199136
RDMSOL = 81
SOLNAM = 540743
