'''Soil parameter file
For MUKEY = 539678
'''

SMFCF = 0.256367647058824
SM0 = 0.367205882352941
SMW = 0.132220588235294
CRAIRC = 0.06
SOPE = 79.228800864
KSUB = 18.6870852088782
RDMSOL = 68
SOLNAM = 539678
