'''Soil parameter file
For MUKEY = 563795
'''

SMFCF = 0.206342465479452
SM0 = 0.387676056338028
SMW = 0.086904108739726
CRAIRC = 0.06
SOPE = 141.494794520548
KSUB = 198.72
RDMSOL = 146
SOLNAM = 563795
