'''Soil parameter file
For MUKEY = 541993
'''

SMFCF = 0.153316860640898
SM0 = 0.252115728539157
SMW = 0.043494231686319
CRAIRC = 0.06
SOPE = 616.043918918919
KSUB = 248.831998848
RDMSOL = 128
SOLNAM = 541993
