'''Soil parameter file
For MUKEY = 1720831
'''

SMFCF = 0.24036
SM0 = 0.422933333333333
SMW = 0.125906666666667
CRAIRC = 0.06
SOPE = 79.228800864
KSUB = 79.228800864
RDMSOL = 150
SOLNAM = 1720831
