'''Soil parameter file
For MUKEY = 539613
'''

SMFCF = 0.137120482771084
SM0 = 0.24225
SMW = 0.0645662661445783
CRAIRC = 0.06
SOPE = 794.723855421687
KSUB = 154.962580645161
RDMSOL = 83
SOLNAM = 539613
