'''Soil parameter file
For MUKEY = 545561
'''

SMFCF = 0.211788461346154
SM0 = 0.339519230769231
SMW = 0.0980384625
CRAIRC = 0.06
SOPE = 79.228800864
KSUB = 201.22560864
RDMSOL = 104
SOLNAM = 545561
