'''Soil parameter file
For MUKEY = 1720952
'''

SMFCF = 0.117484099041359
SM0 = 0.219613501338382
SMW = 0.0487235790394786
CRAIRC = 0.06
SOPE = 663.008591237907
KSUB = 325.187822443922
RDMSOL = 109
SOLNAM = 1720952
