'''Soil parameter file
For MUKEY = 545606
'''

SMFCF = 0.2249866716
SM0 = 0.358333333333333
SMW = 0.124906666666667
CRAIRC = 0.06
SOPE = 159.74669399616
KSUB = 201.22560864
RDMSOL = 150
SOLNAM = 545606
