'''Soil parameter file
For MUKEY = 545563
'''

SMFCF = 0.212691176470588
SM0 = 0.262205882352941
SMW = 0.101250000441176
CRAIRC = 0.06
SOPE = 79.228800864
KSUB = 7.9488001728
RDMSOL = 68
SOLNAM = 545563
