'''Soil parameter file
For MUKEY = 529764
'''

SMFCF = 0.214434628097145
SM0 = 0.32081276759087
SMW = 0.109940507936103
CRAIRC = 0.06
SOPE = 78.1899916353489
KSUB = 71.2913938528351
RDMSOL = 106
SOLNAM = 529764
