'''Soil parameter file
For MUKEY = 545632
'''

SMFCF = 0.257239435211268
SM0 = 0.35169014084507
SMW = 0.115380282112676
CRAIRC = 0.06
SOPE = 198.72
KSUB = 8.64
RDMSOL = 71
SOLNAM = 545632
