'''Soil parameter file
For MUKEY = 542070
'''

SMFCF = 0.288462072482759
SM0 = 0.413862068965517
SMW = 0.169020689655172
CRAIRC = 0.06
SOPE = 20.2384554643862
KSUB = 30.24
RDMSOL = 145
SOLNAM = 542070
