'''Soil parameter file
For MUKEY = 540732
'''

SMFCF = 0.2416066692
SM0 = 0.4138
SMW = 0.1071
CRAIRC = 0.06
SOPE = 79.228800864
KSUB = 79.228800864
RDMSOL = 150
SOLNAM = 540732
