'''Soil parameter file
For MUKEY = 542011
'''

SMFCF = 0.155714285714286
SM0 = 0.198571428571429
SMW = 0.0944285748571429
CRAIRC = 0.06
SOPE = 201.22560864
KSUB = 20.131199136
RDMSOL = 91
SOLNAM = 542011
