'''Soil parameter file
For MUKEY = 563700
'''

SMFCF = 0.05404000136
SM0 = 0.1208
SMW = 0.02628000112
CRAIRC = 0.06
SOPE = 673.92
KSUB = 673.92
RDMSOL = 150
SOLNAM = 563700
