'''Soil parameter file
For MUKEY = 1678247
'''

SMFCF = 0.157608695478261
SM0 = 0.245652173913043
SMW = 0.0645217392173913
CRAIRC = 0.06
SOPE = 77.76
KSUB = 67.046401728
RDMSOL = 46
SOLNAM = 1678247
