'''Soil parameter file
For MUKEY = 541954
'''

SMFCF = 0.154244244043284
SM0 = 0.253199358754151
SMW = 0.056905759873583
CRAIRC = 0.06
SOPE = 227.835864515032
KSUB = 101.15445888
RDMSOL = 71
SOLNAM = 541954
