'''Soil parameter file
For MUKEY = 539259
'''

SMFCF = 0.180253521126761
SM0 = 0.349626865671642
SMW = 0.0743169007887324
CRAIRC = 0.06
SOPE = 226.546884507042
KSUB = 201.1824
RDMSOL = 142
SOLNAM = 539259
