'''Soil parameter file
For MUKEY = 545660
'''

SMFCF = 0.3249466772
SM0 = 0.4354
SMW = 0.200199999693333
CRAIRC = 0.06
SOPE = 34.966080726912
KSUB = 67.046401728
RDMSOL = 150
SOLNAM = 545660
