'''Soil parameter file
For MUKEY = 2421741
'''

SMFCF = 0.186108117297297
SM0 = 0.22945945945946
SMW = 0.107689188837838
CRAIRC = 0.06
SOPE = 12.2244324324324
KSUB = 0.864
RDMSOL = 148
SOLNAM = 2421741
