'''Soil parameter file
For MUKEY = 545609
'''

SMFCF = 0.19411214953271
SM0 = 0.296542056074766
SMW = 0.0931962606448598
CRAIRC = 0.06
SOPE = 21.2721647879776
KSUB = 201.22560864
RDMSOL = 107
SOLNAM = 545609
