'''Soil parameter file
For MUKEY = 539653
'''

SMFCF = 0.1707
SM0 = 0.4498
SMW = 0.07109333444
CRAIRC = 0.06
SOPE = 346.3361247744
KSUB = 792.63358272
RDMSOL = 150
SOLNAM = 539653
