'''Soil parameter file
For MUKEY = 1720885
'''

SMFCF = 0.197473684210526
SM0 = 0.313157894736842
SMW = 0.097052631368421
CRAIRC = 0.06
SOPE = 79.228800864
KSUB = 67.046401728
RDMSOL = 76
SOLNAM = 1720885
