'''Soil parameter file
For MUKEY = 544871
'''

SMFCF = 0.160495767186648
SM0 = 0.258648502054194
SMW = 0.0469351549112759
CRAIRC = 0.06
SOPE = 632.883653308481
KSUB = 269.40077309729
RDMSOL = 116
SOLNAM = 544871
