'''Soil parameter file
For MUKEY = 557362
'''

SMFCF = 0.168873558215503
SM0 = 0.273830416232741
SMW = 0.0749142372985157
CRAIRC = 0.06
SOPE = 313.615984470413
KSUB = 194.979083742561
RDMSOL = 107
SOLNAM = 557362
