'''Soil parameter file
For MUKEY = 1678218
'''

SMFCF = 0.0940571426285714
SM0 = 0.232
SMW = 0.0382714278714286
CRAIRC = 0.06
SOPE = 615.846834555428
KSUB = 243.9072
RDMSOL = 140
SOLNAM = 1678218
