'''Soil parameter file
For MUKEY = 542081
'''

SMFCF = 0.11138202247191
SM0 = 0.287407060618671
SMW = 0.0510349569949369
CRAIRC = 0.06
SOPE = 701.51398212
KSUB = 383.78806545479
RDMSOL = 108
SOLNAM = 542081
