'''Soil parameter file
For MUKEY = 544642
'''

SMFCF = 0.3188133434
SM0 = 0.3906
SMW = 0.240986660533333
CRAIRC = 0.06
SOPE = 30.77279928
KSUB = 12.1824
RDMSOL = 150
SOLNAM = 544642
