'''Soil parameter file
For MUKEY = 542127
'''

SMFCF = 0.247826660533333
SM0 = 0.391333333333333
SMW = 0.124186666666667
CRAIRC = 0.06
SOPE = 29.980799424
KSUB = 20.131199136
RDMSOL = 150
SOLNAM = 542127
