'''Soil parameter file
For MUKEY = 540690
'''

SMFCF = 0.26858139
SM0 = 0.406744186046512
SMW = 0.144139534883721
CRAIRC = 0.06
SOPE = 79.228800864
KSUB = 24.364799136
RDMSOL = 43
SOLNAM = 540690
