'''Soil parameter file
For MUKEY = 2438056
'''

SMFCF = 0.299702129219858
SM0 = 0.41705035971223
SMW = 0.172560283687943
CRAIRC = 0.06
SOPE = 39.8781960057191
KSUB = 25.2864000384
RDMSOL = 141
SOLNAM = 2438056
