'''Soil parameter file
For MUKEY = 557409
'''

SMFCF = 0.165
SM0 = 0.22
SMW = 0.083999996
CRAIRC = 0.06
SOPE = 24.364799136
KSUB = 24.364799136
RDMSOL = 9
SOLNAM = 557409
