'''Soil parameter file
For MUKEY = 541970
'''

SMFCF = 0.238164176567164
SM0 = 0.329253731343284
SMW = 0.107746269402985
CRAIRC = 0.06
SOPE = 141.979701492537
KSUB = 37.4608234233656
RDMSOL = 67
SOLNAM = 541970
