'''Soil parameter file
For MUKEY = 2423837
'''

SMFCF = 0.215169847163767
SM0 = 0.320720795360398
SMW = 0.110503727727147
CRAIRC = 0.06
SOPE = 78.2288775423037
KSUB = 71.1173651429647
RDMSOL = 108
SOLNAM = 2423837
