'''Soil parameter file
For MUKEY = 544641
'''

SMFCF = 0.346599993333333
SM0 = 0.413466666666667
SMW = 0.252239995533333
CRAIRC = 0.06
SOPE = 30.77279928
KSUB = 12.1824
RDMSOL = 150
SOLNAM = 544641
