'''Soil parameter file
For MUKEY = 542108
'''

SMFCF = 0.174126761267606
SM0 = 0.361567164179104
SMW = 0.0720633800140845
CRAIRC = 0.06
SOPE = 234.630152112676
KSUB = 201.1824
RDMSOL = 142
SOLNAM = 542108
