'''Soil parameter file
For MUKEY = 544934
'''

SMFCF = 0.234173336866667
SM0 = 0.297133333333333
SMW = 0.1394333332
CRAIRC = 0.06
SOPE = 65.021760562176
KSUB = 7.9488001728
RDMSOL = 150
SOLNAM = 544934
