'''Soil parameter file
For MUKEY = 540729
'''

SMFCF = 0.116026906396562
SM0 = 0.280432644156874
SMW = 0.0456337767288876
CRAIRC = 0.06
SOPE = 733.032938496
KSUB = 792.63358272
RDMSOL = 83
SOLNAM = 540729
