'''Soil parameter file
For MUKEY = 563613
'''

SMFCF = 0.103833335226667
SM0 = 0.272733333333333
SMW = 0.04439333344
CRAIRC = 0.06
SOPE = 636.5778961536
KSUB = 243.9072
RDMSOL = 150
SOLNAM = 563613
