'''Soil parameter file
For MUKEY = 545559
'''

SMFCF = 0.217913333093333
SM0 = 0.399133333333333
SMW = 0.10387333276
CRAIRC = 0.06
SOPE = 69.52896019008
KSUB = 243.9072
RDMSOL = 150
SOLNAM = 545559
