'''Soil parameter file
For MUKEY = 539667
'''

SMFCF = 0.264836065573771
SM0 = 0.353606557377049
SMW = 0.139049179147541
CRAIRC = 0.06
SOPE = 79.228800864
KSUB = 15.7375470509114
RDMSOL = 61
SOLNAM = 539667
