'''Soil parameter file
For MUKEY = 542003
'''

SMFCF = 0.22198
SM0 = 0.346866666666667
SMW = 0.161413333333333
CRAIRC = 0.06
SOPE = 79.228800864
KSUB = 79.228800864
RDMSOL = 150
SOLNAM = 542003
