'''Soil parameter file
For MUKEY = 541975
'''

SMFCF = 0.215
SM0 = 0.329210526315789
SMW = 0.0985263155263158
CRAIRC = 0.06
SOPE = 243.9072
KSUB = 243.9072
RDMSOL = 76
SOLNAM = 541975
