'''Soil parameter file
For MUKEY = 542068
'''

SMFCF = 0.331422150645905
SM0 = 0.437573529411765
SMW = 0.182707957716263
CRAIRC = 0.06
SOPE = 78.5672767292014
KSUB = 10.9316093485395
RDMSOL = 51
SOLNAM = 542068
