'''Soil parameter file
For MUKEY = 1720881
'''

SMFCF = 0.194881581578947
SM0 = 0.306973684210526
SMW = 0.0908684210526316
CRAIRC = 0.06
SOPE = 79.228800864
KSUB = 67.046401728
RDMSOL = 76
SOLNAM = 1720881
