'''Soil parameter file
For MUKEY = 545646
'''

SMFCF = 0.2116718809375
SM0 = 0.32625
SMW = 0.1012343741875
CRAIRC = 0.06
SOPE = 33.5650504212
KSUB = 62.8128
RDMSOL = 64
SOLNAM = 545646
