'''Soil parameter file
For MUKEY = 539682
'''

SMFCF = 0.165342112947368
SM0 = 0.251842105263158
SMW = 0.0771052639473684
CRAIRC = 0.06
SOPE = 243.9072
KSUB = 181.44
RDMSOL = 38
SOLNAM = 539682
