'''Soil parameter file
For MUKEY = 544813
'''

SMFCF = 0.10586000232
SM0 = 0.3056
SMW = 0.03625999914
CRAIRC = 0.06
SOPE = 589.5987726816
KSUB = 792.63358272
RDMSOL = 150
SOLNAM = 544813
