'''Soil parameter file
For MUKEY = 542119
'''

SMFCF = 0.19
SM0 = 0.28
SMW = 0.086000004
CRAIRC = 0.06
SOPE = 79.228800864
KSUB = 24.364799136
RDMSOL = 18
SOLNAM = 542119
