'''Soil parameter file
For MUKEY = 1678229
'''

SMFCF = 0.151106665333333
SM0 = 0.3962
SMW = 0.0528733321933333
CRAIRC = 0.06
SOPE = 220.032
KSUB = 241.92
RDMSOL = 150
SOLNAM = 1678229
