'''Soil parameter file
For MUKEY = 540777
'''

SMFCF = 0.159372093023256
SM0 = 0.273488372093023
SMW = 0.0713255787906977
CRAIRC = 0.06
SOPE = 243.9072
KSUB = NA
RDMSOL = 43
SOLNAM = 540777
