'''Soil parameter file
For MUKEY = 545641
'''

SMFCF = 0.197236083073333
SM0 = 0.295993333333333
SMW = 0.100355083390167
CRAIRC = 0.06
SOPE = 88.1491090546411
KSUB = 55.0610217185433
RDMSOL = 150
SOLNAM = 545641
