'''Soil parameter file
For MUKEY = 542019
'''

SMFCF = 0.238177217468354
SM0 = 0.409113924050633
SMW = 0.113126582278481
CRAIRC = 0.06
SOPE = 79.228800864
KSUB = 24.364799136
RDMSOL = 79
SOLNAM = 542019
