'''Soil parameter file
For MUKEY = 539650
'''

SMFCF = 0.202231299931973
SM0 = 0.286054421768707
SMW = 0.100530612666667
CRAIRC = 0.06
SOPE = 201.22560864
KSUB = 43.2
RDMSOL = 147
SOLNAM = 539650
