'''Soil parameter file
For MUKEY = 542035
'''

SMFCF = 0.196740000964444
SM0 = 0.406822222222222
SMW = 0.0683800011644444
CRAIRC = 0.06
SOPE = 134.4218899584
KSUB = 229.68000288
RDMSOL = 150
SOLNAM = 542035
