'''Soil parameter file
For MUKEY = 544571
'''

SMFCF = 0.160923739151482
SM0 = 0.269694117647059
SMW = 0.070794644665935
CRAIRC = 0.06
SOPE = 438.68484028092
KSUB = 338.665205630664
RDMSOL = 134
SOLNAM = 544571
