'''Soil parameter file
For MUKEY = 540695
'''

SMFCF = 0.144700788976378
SM0 = 0.40503937007874
SMW = 0.0570472452125984
CRAIRC = 0.06
SOPE = 417.8655271872
KSUB = 432
RDMSOL = 150
SOLNAM = 540695
