'''Soil parameter file
For MUKEY = 742574
'''

SMFCF = 0.276733333333333
SM0 = 0.4136
SMW = 0.131199997866667
CRAIRC = 0.06
SOPE = 48.29183899776
KSUB = 66.527998272
RDMSOL = 150
SOLNAM = 742574
