'''Soil parameter file
For MUKEY = 545627
'''

SMFCF = 0.23612
SM0 = 0.308
SMW = 0.13636
CRAIRC = 0.06
SOPE = 31.6799993664
KSUB = 24.364799136
RDMSOL = 150
SOLNAM = 545627
