'''Soil parameter file
For MUKEY = 545546
'''

SMFCF = 0.262156862745098
SM0 = 0.374705882352941
SMW = 0.128705882352941
CRAIRC = 0.06
SOPE = 79.228800864
KSUB = 17.4114077395647
RDMSOL = 51
SOLNAM = 545546
