'''Soil parameter file
For MUKEY = 545659
'''

SMFCF = 0.303826660066667
SM0 = 0.421533333333333
SMW = 0.193246666053333
CRAIRC = 0.06
SOPE = 34.966080726912
KSUB = 67.046401728
RDMSOL = 150
SOLNAM = 545659
