'''Soil parameter file
For MUKEY = 541947
'''

SMFCF = 0.237354166666667
SM0 = 0.36
SMW = 0.118354166666667
CRAIRC = 0.06
SOPE = 79.228800864
KSUB = 28.2836564022857
RDMSOL = 48
SOLNAM = 541947
