'''Soil parameter file
For MUKEY = 524750
'''

SMFCF = 0.175926229
SM0 = 0.297008547008547
SMW = 0.0624836062213115
CRAIRC = 0.06
SOPE = 210.556099133114
KSUB = 238.57200108
RDMSOL = 122
SOLNAM = 524750
