'''Soil parameter file
For MUKEY = 540712
'''

SMFCF = 0.217962025316456
SM0 = 0.330759493670886
SMW = 0.101050633632911
CRAIRC = 0.06
SOPE = 243.9072
KSUB = NA
RDMSOL = 79
SOLNAM = 540712
