'''Soil parameter file
For MUKEY = 557490
'''

SMFCF = 0.270088231911765
SM0 = 0.392794117647059
SMW = 0.128323529411765
CRAIRC = 0.06
SOPE = 110.801647884706
KSUB = 11.5349918565699
RDMSOL = 68
SOLNAM = 557490
