'''Soil parameter file
For MUKEY = 529774
'''

SMFCF = 0.287339612641509
SM0 = 0.44
SMW = 0.150320754716981
CRAIRC = 0.06
SOPE = 71.6435334774339
KSUB = 17.5454452001928
RDMSOL = 53
SOLNAM = 529774
