'''Soil parameter file
For MUKEY = 542107
'''

SMFCF = 0.180406671066667
SM0 = 0.394
SMW = 0.0775733321733333
CRAIRC = 0.06
SOPE = 123.8399998272
KSUB = 241.92
RDMSOL = 150
SOLNAM = 542107
