'''Soil parameter file
For MUKEY = 539628
'''

SMFCF = 0.257133340666667
SM0 = 0.318666666666667
SMW = 0.167199992666667
CRAIRC = 0.06
SOPE = 19.07712012672
KSUB = 34.6315882505143
RDMSOL = 150
SOLNAM = 539628
