'''Soil parameter file
For MUKEY = 2421755
'''

SMFCF = 0.261793336066667
SM0 = 0.3976
SMW = 0.12684
CRAIRC = 0.06
SOPE = 173.57415098688
KSUB = 201.22560864
RDMSOL = 150
SOLNAM = 2421755
