'''Soil parameter file
For MUKEY = 539665
'''

SMFCF = 0.0954466680533333
SM0 = 0.1684
SMW = 0.0425333330333333
CRAIRC = 0.06
SOPE = 792.63358272
KSUB = 792.63358272
RDMSOL = 150
SOLNAM = 539665
