'''Soil parameter file
For MUKEY = 544929
'''

SMFCF = 0.166895852132148
SM0 = 0.291397037037037
SMW = 0.0893709625004444
CRAIRC = 0.06
SOPE = 326.364853727335
KSUB = 180.21503663232
RDMSOL = 150
SOLNAM = 544929
