'''Soil parameter file
For MUKEY = 1720902
'''

SMFCF = 0.203633333
SM0 = 0.3848
SMW = 0.07870666666
CRAIRC = 0.06
SOPE = 585.5616
KSUB = 1823.04
RDMSOL = 150
SOLNAM = 1720902
