'''Soil parameter file
For MUKEY = 542080
'''

SMFCF = 0.114083923084062
SM0 = 0.296414898044112
SMW = 0.0533895825861423
CRAIRC = 0.06
SOPE = 701.51398212
KSUB = 383.78806545479
RDMSOL = 108
SOLNAM = 542080
