'''Soil parameter file
For MUKEY = 539658
'''

SMFCF = 0.261741380689655
SM0 = 0.421551724137931
SMW = 0.120724137931034
CRAIRC = 0.06
SOPE = 79.228800864
KSUB = 22.7325678106988
RDMSOL = 58
SOLNAM = 539658
