'''Soil parameter file
For MUKEY = 545592
'''

SMFCF = 0.181489252053514
SM0 = 0.296895431306812
SMW = 0.0783631202716093
CRAIRC = 0.06
SOPE = 125.039640917767
KSUB = 56.3964712904026
RDMSOL = 92
SOLNAM = 545592
