'''Soil parameter file
For MUKEY = 1720832
'''

SMFCF = 0.279233331533333
SM0 = 0.417666666666667
SMW = 0.127240001093333
CRAIRC = 0.06
SOPE = 77.76
KSUB = 77.76
RDMSOL = 150
SOLNAM = 1720832
