'''Soil parameter file
For MUKEY = 542106
'''

SMFCF = 0.288307692307692
SM0 = 0.403733333333333
SMW = 0.139384615384615
CRAIRC = 0.06
SOPE = 128.031508932923
KSUB = 12.31776012672
RDMSOL = 78
SOLNAM = 542106
