'''Soil parameter file
For MUKEY = 540716
'''

SMFCF = 0.206775160894515
SM0 = 0.316114451476793
SMW = 0.0956427740374473
CRAIRC = 0.06
SOPE = 227.90160324
KSUB = 201.22560864
RDMSOL = 90
SOLNAM = 540716
