'''Soil parameter file
For MUKEY = 544568
'''

SMFCF = 0.267613333333333
SM0 = 0.403733333333333
SMW = 0.183973341466667
CRAIRC = 0.06
SOPE = 18.190080140544
KSUB = 18.425663281152
RDMSOL = 150
SOLNAM = 544568
