'''Soil parameter file
For MUKEY = 1678252
'''

SMFCF = 0.238676000713636
SM0 = 0.370058851674641
SMW = 0.124046937690861
CRAIRC = 0.06
SOPE = 54.3649965322111
KSUB = 29.0427424621715
RDMSOL = 114
SOLNAM = 1678252
