'''Soil parameter file
For MUKEY = 545545
'''

SMFCF = 0.259588235294118
SM0 = 0.454901960784314
SMW = 0.115627450980392
CRAIRC = 0.06
SOPE = 79.228800864
KSUB = 17.4114077395647
RDMSOL = 51
SOLNAM = 545545
