'''Soil parameter file
For MUKEY = 540708
'''

SMFCF = 0.283445391111111
SM0 = 0.396330969267139
SMW = 0.163081323877069
CRAIRC = 0.06
SOPE = 44.818928189903
KSUB = 32.944393429957
RDMSOL = 94
SOLNAM = 540708
