'''Soil parameter file
For MUKEY = 1678255
'''

SMFCF = 0.262745881745098
SM0 = 0.37941568627451
SMW = 0.153858043113726
CRAIRC = 0.06
SOPE = 25.213247739648
KSUB = 9.04831149915991
RDMSOL = 150
SOLNAM = 1678255
