'''Soil parameter file
For MUKEY = 544800
'''

SMFCF = 0.256566675333333
SM0 = 0.4356
SMW = 0.113826666666667
CRAIRC = 0.06
SOPE = 79.228800864
KSUB = 79.228800864
RDMSOL = 150
SOLNAM = 544800
