'''Soil parameter file
For MUKEY = 1720886
'''

SMFCF = 0.189754219948849
SM0 = 0.275970864834962
SMW = 0.0862432237595908
CRAIRC = 0.06
SOPE = 220.175832927812
KSUB = 333.593954693384
RDMSOL = 60
SOLNAM = 1720886
