'''Soil parameter file
For MUKEY = 542023
'''

SMFCF = 0.1738200024
SM0 = 0.3998
SMW = 0.09073999746
CRAIRC = 0.06
SOPE = 201.22560864
KSUB = 201.22560864
RDMSOL = 150
SOLNAM = 542023
