'''Soil parameter file
For MUKEY = 542050
'''

SMFCF = 0.281267605633803
SM0 = 0.388450704225352
SMW = 0.146295774647887
CRAIRC = 0.06
SOPE = 79.228800864
KSUB = 24.364799136
RDMSOL = 71
SOLNAM = 542050
