'''Soil parameter file
For MUKEY = 545558
'''

SMFCF = 0.247319999733333
SM0 = 0.39
SMW = 0.134086666666667
CRAIRC = 0.06
SOPE = 79.228800864
KSUB = 79.228800864
RDMSOL = 150
SOLNAM = 545558
