'''Soil parameter file
For MUKEY = 708031
'''

SMFCF = 0.236813619787931
SM0 = 0.389361379179331
SMW = 0.114241465100345
CRAIRC = 0.06
SOPE = 144.182919320144
KSUB = 167.77908
RDMSOL = 145
SOLNAM = 708031
