'''Soil parameter file
For MUKEY = 539589
'''

SMFCF = 0.238906666133333
SM0 = 0.321733333333333
SMW = 0.137493332373333
CRAIRC = 0.06
SOPE = 79.228800864
KSUB = 79.228800864
RDMSOL = 150
SOLNAM = 539589
