'''Soil parameter file
For MUKEY = 539638
'''

SMFCF = 0.239840001866667
SM0 = 0.4194
SMW = 0.119873333333333
CRAIRC = 0.06
SOPE = 107.78515554816
KSUB = 201.22560864
RDMSOL = 150
SOLNAM = 539638
