'''Soil parameter file
For MUKEY = 544638
'''

SMFCF = 0.300346666666667
SM0 = 0.419333333333333
SMW = 0.1858466626
CRAIRC = 0.06
SOPE = 33.436799906688
KSUB = 77.76
RDMSOL = 150
SOLNAM = 544638
