'''Soil parameter file
For MUKEY = 540740
'''

SMFCF = 0.12375
SM0 = 0.15375
SMW = 0.0438749996875
CRAIRC = 0.06
SOPE = 243.9072
KSUB = 188.95680864
RDMSOL = 48
SOLNAM = 540740
