'''Soil parameter file
For MUKEY = 542092
'''

SMFCF = 0.107267605633803
SM0 = 0.24970802919708
SMW = 0.042387324443662
CRAIRC = 0.06
SOPE = 630.008698857464
KSUB = 386.17919136
RDMSOL = 142
SOLNAM = 542092
