'''Soil parameter file
For MUKEY = 542062
'''

SMFCF = 0.152384543455973
SM0 = 0.249977443609023
SMW = 0.0664718465827903
CRAIRC = 0.06
SOPE = 209.519085714286
KSUB = 129.213134328358
RDMSOL = 70
SOLNAM = 542062
