'''Soil parameter file
For MUKEY = 544804
'''

SMFCF = 0.235791666666667
SM0 = 0.384166666666667
SMW = 0.118666666666667
CRAIRC = 0.06
SOPE = 79.228800864
KSUB = 15.6119221012645
RDMSOL = 48
SOLNAM = 544804
