'''Soil parameter file
For MUKEY = 540753
'''

SMFCF = 0.278286672266667
SM0 = 0.461266666666667
SMW = 0.135026666666667
CRAIRC = 0.06
SOPE = 103.88678262336
KSUB = 189.04319136
RDMSOL = 150
SOLNAM = 540753
