'''Soil parameter file
For MUKEY = 539249
'''

SMFCF = 0.162536078865979
SM0 = 0.325773195876289
SMW = 0.0544433010721649
CRAIRC = 0.06
SOPE = 79.228800864
KSUB = 67.046401728
RDMSOL = 97
SOLNAM = 539249
