'''Soil parameter file
For MUKEY = 539598
'''

SMFCF = 0.198933336586667
SM0 = 0.412533333333333
SMW = 0.0621400010266667
CRAIRC = 0.06
SOPE = 79.15680174528
KSUB = 201.22560864
RDMSOL = 150
SOLNAM = 539598
