'''Soil parameter file
For MUKEY = 545644
'''

SMFCF = 0.280046506627907
SM0 = 0.362441860465116
SMW = 0.149232558139535
CRAIRC = 0.06
SOPE = 79.228800864
KSUB = 11.4491803278689
RDMSOL = 86
SOLNAM = 545644
