'''Soil parameter file
For MUKEY = 539268
'''

SMFCF = 0.276846147692308
SM0 = 0.386923076923077
SMW = 0.136923076923077
CRAIRC = 0.06
SOPE = 86.4
KSUB = 0.864
RDMSOL = 52
SOLNAM = 539268
