'''Soil parameter file
For MUKEY = 540692
'''

SMFCF = 0.231500005
SM0 = 0.385
SMW = 0.1085
CRAIRC = 0.06
SOPE = 79.228800864
KSUB = 15.6813408320766
RDMSOL = 46
SOLNAM = 540692
