'''Soil parameter file
For MUKEY = 541953
'''

SMFCF = 0.259779994933333
SM0 = 0.417
SMW = 0.12488
CRAIRC = 0.06
SOPE = 127.8224598816
KSUB = 189.04319136
RDMSOL = 150
SOLNAM = 541953
