'''Soil parameter file
For MUKEY = 544576
'''

SMFCF = 0.2675799934
SM0 = 0.362866666666667
SMW = 0.150220002533333
CRAIRC = 0.06
SOPE = 13.680691501824
KSUB = 32.3236800252
RDMSOL = 150
SOLNAM = 544576
