'''Soil parameter file
For MUKEY = 2421740
'''

SMFCF = 0.1830266748
SM0 = 0.223733333333333
SMW = 0.10844
CRAIRC = 0.06
SOPE = 1.58976
KSUB = 0.864
RDMSOL = 150
SOLNAM = 2421740
