'''Soil parameter file
For MUKEY = 545618
'''

SMFCF = 0.203639999133333
SM0 = 0.379266666666667
SMW = 0.0733666655333333
CRAIRC = 0.06
SOPE = 72.2488327776
KSUB = 29.9316420749793
RDMSOL = 150
SOLNAM = 545618
