'''Soil parameter file
For MUKEY = 1720960
'''

SMFCF = 0.291528303018868
SM0 = 0.41188679245283
SMW = 0.135603773584906
CRAIRC = 0.06
SOPE = 146.743064933434
KSUB = 11.7767537540201
RDMSOL = 53
SOLNAM = 1720960
