'''Soil parameter file
For MUKEY = 539600
'''

SMFCF = 0.2328
SM0 = 0.319733333333333
SMW = 0.128126666666667
CRAIRC = 0.06
SOPE = 79.228800864
KSUB = 55.209600288
RDMSOL = 150
SOLNAM = 539600
