'''Soil parameter file
For MUKEY = 1678254
'''

SMFCF = 0.24251549265722
SM0 = 0.375070625281152
SMW = 0.126638371475214
CRAIRC = 0.06
SOPE = 52.3139792064871
KSUB = 29.2790469457099
RDMSOL = 117
SOLNAM = 1678254
