'''Soil parameter file
For MUKEY = 544681
'''

SMFCF = 0.206163266326531
SM0 = 0.26
SMW = 0.118551020816327
CRAIRC = 0.06
SOPE = 201.22560864
KSUB = 72.835202592
RDMSOL = 147
SOLNAM = 544681
