'''Soil parameter file
For MUKEY = 544836
'''

SMFCF = 0.198292141123596
SM0 = 0.314606741573034
SMW = 0.0829550564831461
CRAIRC = 0.06
SOPE = 243.9072
KSUB = 189.04319136
RDMSOL = 89
SOLNAM = 544836
