'''Soil parameter file
For MUKEY = 2420175
'''

SMFCF = 0.262353328866667
SM0 = 0.431466666666667
SMW = 0.106826666666667
CRAIRC = 0.06
SOPE = 77.76
KSUB = 77.76
RDMSOL = 150
SOLNAM = 2420175
