'''Soil parameter file
For MUKEY = 544570
'''

SMFCF = 0.154570103226077
SM0 = 0.267699909502262
SMW = 0.0672481651727836
CRAIRC = 0.06
SOPE = 464.514549314259
KSUB = 347.797497950508
RDMSOL = 135
SOLNAM = 544570
