'''Soil parameter file
For MUKEY = 539261
'''

SMFCF = 0.177386658586667
SM0 = 0.3978
SMW = 0.04609999864
CRAIRC = 0.06
SOPE = 268.50700029312
KSUB = 670.72317408
RDMSOL = 150
SOLNAM = 539261
