'''Soil parameter file
For MUKEY = 541958
'''

SMFCF = 0.178213333333333
SM0 = 0.2616
SMW = 0.088266665
CRAIRC = 0.06
SOPE = 79.228800864
KSUB = 79.228800864
RDMSOL = 150
SOLNAM = 541958
