'''Soil parameter file
For MUKEY = 542015
'''

SMFCF = 0.178592098552632
SM0 = 0.249605263157895
SMW = 0.100236843447368
CRAIRC = 0.06
SOPE = 201.22560864
KSUB = 20.131199136
RDMSOL = 76
SOLNAM = 542015
