'''Soil parameter file
For MUKEY = 539219
'''

SMFCF = 0.101833333333333
SM0 = 0.206133333333333
SMW = 0.0371133330493333
CRAIRC = 0.06
SOPE = 988.1015069376
KSUB = 1823.04
RDMSOL = 150
SOLNAM = 539219
