'''Soil parameter file
For MUKEY = 545604
'''

SMFCF = 0.2346533366
SM0 = 0.373333333333333
SMW = 0.12974
CRAIRC = 0.06
SOPE = 159.74669399616
KSUB = 201.22560864
RDMSOL = 150
SOLNAM = 545604
