'''Soil parameter file
For MUKEY = 557411
'''

SMFCF = 0.191
SM0 = 0.26
SMW = 0.091999998
CRAIRC = 0.06
SOPE = 24.364799136
KSUB = 24.364799136
RDMSOL = 23
SOLNAM = 557411
