'''Soil parameter file
For MUKEY = 542123
'''

SMFCF = 0.280862066689655
SM0 = 0.387857142857143
SMW = 0.151455176137931
CRAIRC = 0.06
SOPE = 67.9521103448276
KSUB = 8.7924705882353
RDMSOL = 145
SOLNAM = 542123
