'''Soil parameter file
For MUKEY = 1678256
'''

SMFCF = 0.264424313184314
SM0 = 0.37636862745098
SMW = 0.157341965239216
CRAIRC = 0.06
SOPE = 24.0189964756178
KSUB = 9.30462117448219
RDMSOL = 150
SOLNAM = 1678256
